22
25
61
100
137
153
158
172
180
223
233
253
261
269
271
279
293
302
352
425
455
498
641
657
666
669
682
818
828
830
869
1004
1016
1033
1040
1084
1137
1146
1154
1160
1223
1226
1227
1232
1240
1253
1356
1412
1435
1504
1529
1534
1556
1618
1649
1659
1682
1710
1748
1774
1785
1921
1941
1949
1952
1955
1959
2016
2020
2022
2030
2059
2070
2163
2196
2199
2222
2244
2259
2281
2285
2291
2409
2438
2448
2473
2488
2496
2803
2841
2861
3125
3137
3142
3144
3196
3240
3284
3432
3483
3708
3719
3722
3730
3747
3759
3767
3786
3806
3840
3860
3884
3905
3928
3945
3958
3983
3999
4006
4034
4037
4046
4113
4162
4169
4306
4390
4423
4435
4446
4456
4460
4480
4499
4534
4550
4574
4591
4758
4762
4772
4781
4933
4950
4959
4966
4970
5120
5155
5175
5185
5208
5229
5236
5254
5285
5328
5374
5426
5441
5451
5483
5501
5503
5515
5550
5554
5580
5598
5720
5757
5966
5977
6111
6121
6129
6151
6156
6178
6191
6277
6336
6345
6355
6537
6540
6547
6582
6583
6908
6912
6939
6977
7009
7030
7035
7093
7268
7328
7347
7366
7381
7512
7514
7546
7650
7656
7659
7716
7720
7721
7797
7911
7938
7953
7969
7998
8014
8020
8034
8081
8168
8172
8207
8222
8224
8244
8247
8256
8303
8310
8324
8332
8376
8391
8406
8434
8455
8495
8510
8514
8546
8597
8607
8618
8629
8636
8641
8660
8665
8671
8742
8781
8785
8794
8796
8850
8852
8857
8886
9102
9123
9135
9137
9146
9149
9213
9253
9261
9304
9307
9310
9312
9314
9316
9319
9336
9342
9360
9363
9368
9371
9395
9427
9476
9525
9537
9554
9572
9574
9597
9599
9616
9631
9662
9669
9867
10000
10067
10099
10102
10110
10132
10141
10156
10161
10174
10241
10263
10273
10296
10322
10359
10363
10375
10427
10428
10435
10444
10478
10619
10628
10654
10679
10682
10691
10701
10728
10736
10766
10810
10842
10860
10880
10891
10915
10964
11054
11109
11260
11269
11278
11294
11335
11369
11375
11411
11479
11514
11531
11573
11577
11586
11904
11925
11941
11957
11962
11965
11996
12044
12142
12158
12201
12241
12273
12301
12305
12324
12334
12340
12383
12397
12405
12451
12685
12702
12710
12713
12769
12822
12831
12834
12948
13087
13144
13157
13172
13194
13199
13410
13413
13482
13716
13721
13744
13912
13921
13954
13992
13994
14017
14020
14023
14045
14058
14079
14110
14124
14161
14307
14333
14370
14420
14433
14617
14627
14701
14715
14732
14793
14816
14837
14842
14859
14872
14876
15019
15033
15042
15091
15120
15137
15149
15166
15171
15183
15232
15327
15334
15338
15549
15580
15605
15671
15675
15706
15724
15741
15923
15940
15948
15951
15963
15976
16011
16019
16038
16048
16153
16405
16417
16429
16484
16495
16524
16600
16611
16642
16647
16655
16662
16699
17000
17018
17044
17097
17113
17168
17206
17216
17268
17284
17287
17600
17609
17637
17651
17660
17725
17764
17782
17792
17793
18005
18040
18054
18058
18075
18106
18116
18150
18192
18220
18237
18269
18292
18298
18319
18332
18350
18353
18399
18404
18407
18416
18447
18458
18490
18602
18641
18673
18699
18706
18768
18792
18804
18828
18914
18967
18976
19014
19028
19035
19047
19099
19106
19135
19145
19156
19188
19194
19195
19380
19633
19650
19813
19849
19880
19887
20007
20008
20015
20019
20056
20065
20069
20070
20085
20109
20122
20154
20211
20240
20317
20352
20368
20370
20388
20398
20405
20442
20535
20538
20546
20909
20923
20936
21115
21117
21127
21154
21159
21193
21326
21332
21337
21339
21350
21380
21387
21448
21457
21465
21519
21567
21570
21644
21682
21907
21911
21919
21927
21951
22146
22157
22202
22224
22233
22264
22275
22293
22301
22315
22432
22457
22462
22615
22646
22649
22851
22864
22871
22887
23207
23243
23278
23314
23332
23338
23340
23356
23541
23549
23715
23771
23779
23802
23821
23826
23878
24007
24009
24077
24081
24082
24090
24220
24242
24258
24264
24275
24278
24280
24298
24414
24428
24434
24436
24438
24465
25069
25080
25097
25244
25259
25260
25471
25509
25525
25531
25538
25552
25622
25623
25679
26183
26245
26263
26277
26280
26296
26328
26345
26349
26361
26399
26508
26513
26555
26562
26597
26737
26814
26833
26862
26912
26985
27224
27233
27253
27265
27267
27301
27347
27385
27388
27392
27419
27487
27508
27523
27542
27568
27580
27592
27595
27596
27613
27667
27669
27679
27681
27702
27747
27773
27860
28203
28223
28251
28252
28254
28310
28327
28353
28370
28372
28373
28377
28396
28416
28418
28419
28423
28458
28697
28702
28704
28706
28719
28745
28747
28749
28761
28918
28971
28979
29025
29045
29056
29094
29126
29133
29142
29164
29191
29192
29216
29268
29316
29332
29362
29367
29421
29442
29446
29464
29496
29608
29618
29633
29636
29807
29808
29836
29855
29859
29881
30009
30017
30052
30072
30086
30088
30091
30432
30444
30450
30490
30525
30560
30565
30607
30694
30732
30745
30772
30797
31002
31005
31020
31040
31045
31224
31234
31246
31263
31264
31277
31278
31330
31359
31372
31376
31508
31563
31592
31702
31784
31789
31820
31824
31841
31883
31885
31945
31956
31961
32006
32017
32063
32074
32097
32105
32185
32476
32515
32519
32549
32577
32580
32599
32616
32626
32681
32682
32703
32737
32776
32779
32803
32826
32828
32852
32892
32982
33002
33007
33014
33018
33036
33071
33126
33138
33155
33171
33176
33365
33368
33428
33516
33524
33570
33590
33604
33607
33692
33812
33856
34011
34017
34035
34038
34066
34113
34135
34188
34200
34201
34210
34214
34237
34267
34269
34295
34299
34305
34325
34373
34609
34645
34652
34667
34676
34693
34699
34842
34882
35206
35234
35243
35271
35288
35356
35365
35371
35379
35423
35447
35463
35472
35518
35524
35549
35581
35618
35636
35649
35658
35667
35683
35696
36090
36113
36169
36432
36454
36455
36467
36557
36740
36744
36747
36753
36759
36801
36818
36825
36839
36846
36857
36883
36978
37017
37069
37073
37094
37244
37255
37283
37307
37330
37379
37400
37403
37411
37447
37460
37505
37545
37556
37557
37594
37730
37762
37791
38039
38126
38400
38412
38428
38470
38471
38472
38491
38499
38519
38558
38804
38883
38929
38934
38946
38996
39028
39034
39062
39079
39116
39123
39206
39213
39226
39237
39240
39265
39281
39410
39419
39461
39470
39576
39617
39639
39667
39677
39688
39808
39816
39826
39827
39843
39861
39908
39915
39939
39943
39949
39974
39981
40044
40056
40094
40146
40177
40340
40392
40399
40410
40455
40487
40514
40517
40551
40555
40568
40580
41007
41011
41107
41115
41144
41195
41214
41224
41227
41283
41290
41401
41421
41424
42123
42167
42170
42195
42207
42273
42285
42293
43112
43115
43189
43249
43254
43261
43728
43752
43761
43769
43817
43881
43888
43890
43899
44227
44264
44377
44401
44415
44421
44435
44439
44443
44447
44460
44486
44507
44537
44568
44569
44638
44641
44682
44701
44752
44770
44777
44837
44842
44850
44869
44888
44900
44914
44916
44949
44965
45002
45016
45042
45063
45066
45075
45117
45127
45150
45177
45187
45200
45215
45240
45267
45298
45303
45347
45352
45358
45527
45540
45590
45596
45602
45663
45672
45961
46504
46514
46547
46577
46598
46644
46647
46656
46660
46665
46682
46692
46723
46724
46777
46780
46802
46861
46891
47106
47123
47147
47153
47204
47205
47214
47268
47315
47323
47402
47410
47441
47446
47465
47474
47496
47837
47859
47866
47899
47941
47946
47952
47974
48003
48004
48024
48039
48044
48062
48070
48083
48088
48110
48113
48124
48153
48160
48203
48210
48212
48245
48263
48281
48282
48283
48294
48348
48395
48424
48434
48486
48492
48503
48506
48553
48570
48590
48593
48675
48695
48709
48760
49085
49088
49314
49358
49389
49399
49440
49447
49458
49489
49499
49501
49513
49537
49570
49584
49800
49811
49823
49825
49845
49859
49868
49944
49945
50007
50078
50101
50112
50133
50159
50186
50344
50397
50451
50465
50500
50506
50530
50546
50551
50561
50571
50600
50602
50612
50620
50633
50641
50664
50702
50748
50754
50932
50939
50941
51134
51169
51186
51189
51191
51337
51620
51640
51658
51701
51703
51717
51720
51745
51808
51842
51853
51862
51879
51887
51891
51892
51906
52033
52079
52087
52098
52100
52103
52171
52204
52210
52227
52229
52231
52236
52259
52272
52316
52328
52335
52363
52414
52428
52431
52434
52435
52457
52467
52624
52644
52650
52684
52690
52708
52730
52742
52802
52817
52899
52930
52950
52952
53107
53157
53169
53247
53267
53270
53278
53305
53338
53339
53406
53414
53422
53425
53443
53474
53475
53612
53619
53661
53711
53754
53756
53768
53772
53791
53813
53824
53882
54102
54132
54147
54163
54179
54187
54329
54345
54392
54432
54440
54453
54454
54514
54571
54598
54608
54609
54618
54623
54640
54644
54651
54667
54832
54845
54871
54876
54892
54942
54951
54955
55018
55077
55313
55316
55318
55340
55342
55400
55404
55406
55416
55462
55702
55705
55712
55772
55785
55795
55799
55814
55840
55845
55875
56025
56027
56064
56110
56152
56161
56164
56324
56325
56358
56398
56415
56419
56437
56454
56480
56485
56491
56507
56514
56521
56528
56539
56565
56582
56638
56645
56658
56682
57002
57077
57102
57103
57127
57135
57150
57198
57355
57367
57519
57534
57542
57547
57576
57633
57634
57666
57667
57686
57717
57730
57787
57801
57876
57901
57903
57932
58248
58436
58448
58485
58622
58645
58672
58733
58752
58800
58832
58848
58883
59039
59044
59140
59165
59407
59424
59430
59431
59448
59466
59473
59872
59896
59939
59973
59984
60169
60255
60264
60512
60556
60598
60599
60623
60637
60641
60664
60684
60690
60695
60713
60715
60801
60802
60804
60807
60849
60858
60897
60917
60927
60934
60953
60979
60996
61005
61009
61018
61069
61163
61189
61207
61212
61254
61280
61302
61316
61323
61341
61362
61501
61524
61559
61587
61596
61606
61607
61650
61689
61807
61830
61832
61839
61857
61960
62192
62194
62244
62248
62255
62293
62415
62436
62490
62499
62542
62564
62638
62644
62648
62650
62674
62675
62681
62689
62957
62970
62973
62977
62981
62995
63018
63031
63040
63046
63053
63092
63099
63326
63350
63354
63405
63441
63463
63484
63502
63503
63508
63509
63538
63574
63579
63583
63646
63702
63705
63712
63726
63745
63785
63817
63834
63867
63898
64034
64039
64063
64091
64093
64206
64235
64242
64252
64275
64298
64556
64566
64580
64613
64616
64619
64654
65076
65135
65162
65184
65192
65199
65210
65262
65267
65277
65297
65302
65315
65723
65742
65757
65761
65766
65768
65775
65789
65802
65824
65831
65904
65930
66030
66040
66044
66045
66053
66079
66084
66085
66099
66139
66161
66168
66173
66203
66239
66258
66272
66288
66296
66449
66450
66452
66465
66466
66470
66511
66538
66590
66613
66654
66677
66763
66789
66916
66936
67003
67051
67054
67067
67101
67118
67127
67133
67154
67172
67328
67441
67453
67532
67536
67545
67577
67815
67832
67922
67934
67937
67963
67966
67967
68059
68069
68108
68274
68310
68328
68349
68355
68380
68461
68476
68493
68612
68616
68709
68719
68724
68733
68769
68780
68782
68811
68818
68834
68836
68852
68856
68886
69001
69021
69029
69044
69049
69079
69123
69127
69185
69188
69281
69294
69297
69629
69690
69698
69837
69852
69898
69920
69978
69991
70321
70322
70333
70337
70344
70349
70404
70408
70455
70456
70472
70474
70478
70496
70525
70537
70575
70592
70596
70733
70769
70821
70836
70855
71148
71169
71172
71173
71418
71529
71544
71547
71564
71576
71583
71760
71792
71840
71865
71886
71887
71891
71902
71914
71915
71916
71936
72029
72034
72059
72072
72085
72114
72117
72121
72162
72185
72356
72374
72387
72411
72420
72429
72438
72441
72458
72474
72488
72603
72607
72667
72668
72851
72855
72890
73004
73045
73075
73084
73088
73095
73097
73105
73122
73176
73178
73191
73295
73323
73342
73374
73392
73502
73521
73525
73526
73527
73539
73543
73545
73546
73582
73592
73710
73729
73746
73767
73947
74051
74084
74293
74324
74342
74349
74356
74367
74392
74396
74444
74484
74535
74807
74850
75011
75036
75050
75057
75066
75078
75160
75165
75174
75192
75210
75220
75282
75299
75431
75503
75534
75560
75589
75646
75651
75652
75687
75805
75827
75887
75900
75913
75942
76004
76067
76139
76159
76167
76175
76191
76201
76251
76252
76253
76265
76373
76374
76387
76394
76409
76457
76466
76478
76493
76497
76507
76532
76534
76560
76579
76715
76772
76988
77011
77065
77113
77121
77132
77217
77223
77228
77251
77277
77296
77302
77340
77349
77404
77417
77431
77437
77445
77446
77457
77494
77533
77546
77558
77582
77623
77677
77678
77820
77825
77859
77883
77936
77951
77953
77974
77986
78204
78297
78308
78323
78326
78334
78382
78392
78424
78464
78470
78480
78524
78527
78541
78542
78562
78573
78576
78580
78589
78614
78805
78821
78831
78836
78875
78894
78895
78935
78961
78964
78970
78971
78972
78973
78987
79028
79033
79042
79051
79108
79109
79113
79131
79138
79175
79203
79206
79217
79218
79228
79231
79241
79254
79275
79283
79372
79394
79411
79421
79429
79445
79461
79464
79467
79537
79619
79660
79685
79820
79894
79902
79948
79954
79962
79973
80104
80139
80141
80157
80165
80194
80202
80207
80233
80246
80255
80276
80404
80428
80441
80448
80471
80479
80494
80496
80524
80555
80560
80574
80591
80596
80597
80613
80631
80638
80658
80688
80743
80750
80772
80785
80794
81014
81055
81212
81220
81230
81240
81315
81318
81346
81382
81515
81528
81539
81555
81571
81592
81597
81648
81650
81661
81671
81673
81681
81729
81753
81758
81767
81824
81860
81862
81871
81903
81935
81937
81973
81988
82016
82030
82068
82078
82161
82163
82185
82192
82194
82501
82506
82623
82630
82664
82686
82800
82820
82826
82840
82854
82857
82862
82887
82892
82910
82917
82921
82930
82934
82958
82965
82975
82977
83150
83151
83331
83509
83542
83550
83576
83581
83592
83821
83848
83876
83887
84020
84045
84046
84084
84090
84222
84224
84249
84333
84379
84387
84402
84408
84429
84438
84482
84489
84499
85201
85219
85237
85239
85271
85314
85326
85330
85336
85350
85385
85403
85481
85484
85497
85622
85633
85660
85661
85668
85707
85912
85944
85980
86029
86048
86264
86291
86320
86333
86370
86381
86499
86531
86544
86547
86561
86589
86743
86780
86803
87117
87172
87173
87176
87180
87190
87200
87201
87211
87625
87664
87700
87703
87722
87738
87764
87811
87819
87837
87866
87875
87897
87915
87929
87930
87935
88129
88170
88191
88192
88193
88195
88216
88232
88279
88354
88392
88424
88458
88475
88487
88602
88626
88664
88671
88677
88687
88844
88847
88854
88860
89102
89109
89130
89134
89138
89183
89437
89494
89528
89529
89557
89558
89588
89594
89629
89645
89701
89714
89795
89801
89823
89837
89840
89848
89857
89858
89902
89944
89989
89992
90209
90227
90236
90525
90528
90552
90582
90591
90737
90750
90793
90814
90826
90835
90848
90867
90912
90925
90937
90947
90970
90971
90987
91003
91065
91219
91225
91284
91289
91406
91411
91415
91481
91510
91520
91541
91556
91560
91561
91567
91900
91939
91944
92000
92024
92033
92037
92044
92067
92097
92130
92139
92202
92218
92239
92252
92262
92263
92318
92338
92342
92347
92362
92398
92413
92462
92483
92497
92512
92528
92536
92571
92573
92603
92607
92623
92626
92655
92656
92659
92666
92736
92762
92773
92777
92784
92856
92857
92895
92901
92955
92990
93012
93041
93066
93075
93082
93097
93104
93116
93139
93161
93164
93230
93243
93246
93305
93345
93391
93405
93407
93426
93436
93440
93448
93505
93563
93591
93618
93623
93711
93717
93724
93742
93753
93774
94003
94016
94025
94072
94074
94093
94209
94214
94223
94249
94257
94273
94301
94303
94361
94365
94370
94381
94426
94430
94488
94521
94533
94544
94552
94561
94600
94611
94622
94624
94631
94638
94655
94658
94708
94744
94749
94756
94766
94776
94779
94807
94819
94838
94848
94858
94869
94889
94892
94921
94927
94963
94981
94987
95040
95097
95129
95136
95152
95191
95193
95307
95318
95336
95362
95396
95501
95523
95539
95546
95565
95569
95579
95601
95645
95678
95687
95801
95833
95842
95873
95898
95924
95966
96126
96136
96191
96196
96202
96205
96241
96262
96266
96300
96366
96382
96391
96452
96483
96625
96637
96647
96671
96699
96801
96826
96832
96833
96844
96845
96865
96956
96988
96994
97005
97018
97038
97050
97362
97363
97394
97403
97406
97436
97440
97443
97454
97494
97542
97545
97549
97568
97575
97619
97659
97674
97847
97865
97880
97882
97892
97911
97933
97954
97957
97980
97992
98006
98010
98038
98070
98154
98163
98169
98178
98185
98191
98204
98227
98237
98240
98248
98249
98258
98262
98269
98284
98351
98370
98437
98448
98471
98479
98482
98487
98624
98643
98646
98651
98652
98822
98848
98859
98886
98934
98937
98946
98953
98965
99109
99126
99128
99134
99161
99352
99364
99380
99522
99543
99589
99612
99666
99667
99676
99692
99698
99729
99738
99741
99748
99764
99787
99790
99791
99877
99879
